Ensemble Mean 
=============== 
[2.96055416 2.98543618 2.95163177 3.01372666 2.88730088 3.0242954
 3.1453397  2.90336383 3.15209438 2.66925915 2.67853846 2.84030227
 2.79153436 3.1363052  2.80161696 3.07066202 2.88663778 3.15250192
 3.16067971 3.22699756 3.0966466  2.93006817 3.14223701 3.2121431
 3.08732689 3.39616386 2.99066855 3.06834077 2.94693308 2.92343166
 2.83465251 2.91947258 2.97202356 3.18929293 3.0292374  3.10928011
 2.89159081 2.99221092 2.81603207 3.27669318 3.09194662 3.01983212
 2.60367124 3.0235656  3.00996835 3.1369497  2.86883465 3.00017858
 3.02871683 2.8233363  3.07849158 2.99463532 2.7727064  2.87140975
 3.12492507 3.17974041 3.12176251 3.12240932 3.16839914 3.13329983
 3.18650046 3.10610402 3.16112362 3.11101383 3.13754655 2.84302702
 3.06158121 3.17745735 3.06487746 3.07253987 3.11498178 2.73241085
 3.0465897  3.07788807 3.02050296 3.1432137  2.94533555 3.08773036
 3.37129972 3.01941402 2.95590021 2.95354977 3.02472872 2.98730587
 3.14606162 3.12445437 3.22884683 3.06898461 2.92816056 3.13744247
 3.12019602 3.08773725 3.28259855 3.12997428 3.20254868 3.21778104
 3.14939476 2.96142932 2.93692731 2.92286392 3.24095016]

Power Spectral Density 
=============== 
[ 0.26745534  0.24768548  0.23083866  0.21754002  0.20686076  0.30549265
  0.23330478  0.27005799  0.22735444  0.23275609  0.22741856  0.22412615
  0.2426539   0.22364459  0.23445348  0.26079724  0.24041701  0.27347316
  0.30233385  0.28515831  0.23832197  0.26581333  0.24077172  0.27688503
  0.27045691  0.23032439  0.22979985  0.21558115  0.29516715  0.21139718
  0.23892744  0.26626245  0.23977853  0.21403841  0.25079518  0.28147939
  0.2601255   0.22713141  0.30347057  0.2533094   0.26961011  0.2890036
  0.21679822  0.29513947  0.29356815  0.22885046  0.21559794  0.24206953
  0.24190747  0.24525663 92.25705836  0.24525663  0.24190747  0.24206953
  0.21559794  0.22885046  0.29356815  0.29513947  0.21679822  0.2890036
  0.26961011  0.2533094   0.30347057  0.22713141  0.2601255   0.28147939
  0.25079518  0.21403841  0.23977853  0.26626245  0.23892744  0.21139718
  0.29516715  0.21558115  0.22979985  0.23032439  0.27045691  0.27688503
  0.24077172  0.26581333  0.23832197  0.28515831  0.30233385  0.27347316
  0.24041701  0.26079724  0.23445348  0.22364459  0.2426539   0.22412615
  0.22741856  0.23275609  0.22735444  0.27005799  0.23330478  0.30549265
  0.20686076  0.21754002  0.23083866  0.24768548  0.26745534]

